Matrix A: 12 x 13
9   7   3   1   4   9   5   3   1   7   4   7   3   
1   6   4   5   3   2   6   2   7   6   3   9   7   
2   4   1   5   0   1   3   5   4   9   5   9   5   
6   6   1   5   1   4   1   8   0   7   0   8   9   
7   5   5   9   4   7   3   5   3   3   8   8   9   
3   9   4   4   4   2   3   6   8   4   0   1   4   
2   8   5   3   8   4   0   3   3   4   2   6   1   
7   2   2   7   1   7   7   7   1   1   1   6   9   
1   3   2   3   7   6   1   4   9   1   9   9   6   
4   5   9   3   7   6   5   1   4   8   8   3   7   
1   6   8   8   6   2   3   0   5   0   6   8   5   
6   0   6   7   6   0   5   7   3   2   6   0   3   
Matrix B: 13 x 14
0   8   3   5   5   4   1   6   4   9   8   7   9   5   
8   6   3   5   4   3   1   3   2   3   8   9   9   2   
5   9   7   7   0   0   2   7   7   4   3   1   3   3   
1   3   8   1   1   2   6   7   5   9   0   9   2   9   
9   3   1   4   3   9   2   5   1   4   2   8   0   6   
2   4   9   3   9   0   4   2   2   0   9   9   1   9   
9   5   0   8   9   2   4   4   3   6   9   4   3   1   
5   5   9   7   1   1   0   2   1   6   4   3   8   3   
4   9   5   3   4   5   3   3   9   8   9   4   6   8   
1   1   0   6   9   9   5   0   0   5   3   3   1   7   
6   1   3   3   0   8   8   4   5   2   0   5   2   9   
9   0   8   2   4   0   8   3   1   3   3   4   0   8   
7   3   6   6   4   1   1   6   9   9   1   6   3   3   
Matrix C: 12 x 14
305  261  280  295  322  211  221  225  179  286  337  371  233  354  
350  245  286  274  263  193  237  236  246  330  269  321  196  340  
267  173  256  233  225  187  228  179  179  286  202  266  175  320  
266  206  310  264  246  143  174  207  177  319  232  321  226  297  
374  303  412  321  278  223  285  330  306  403  298  449  261  454  
266  279  244  254  206  175  128  200  210  299  276  294  251  256  
276  209  235  210  184  181  164  187  145  214  217  291  168  282  
282  246  334  274  259  109  186  251  225  342  273  342  221  304  
355  232  327  233  213  220  250  235  254  287  248  345  180  403  
361  300  294  336  292  274  250  287  281  338  292  376  212  393  
344  247  302  232  172  176  235  275  259  294  211  331  171  343  
242  245  236  249  149  193  162  242  213  310  187  266  198  274  
